Index	Inst	Lead PI	MemberID	NIH Total (2010-2014)	NCI Total (2010-2014)	Other NIH (2010-2014)	NIH 2010	NCI 2010	Other NIH 2010	NIH 2011	NCI 2011	Other NIH 2011	NIH 2012	NCI 2012	Other NIH 2012	NIH 2013	NCI 2013	Other NIH 2103	NIH 2014	NCI 2014	Other NIH 2014
1	Cold Spring Harbor	STILLMAN, BRUCE W.	28	$45,091,275.00	$41,734,917.00	3356358	5615871	4970981	644890	9910493	9272349	638144	9998705	9302305	696400	9415424	8739225	676199	$10,150,782.00	$9,450,057.00	700725
2	Cold Spring Harbor	HANNON, GREGORY J	10	$35,534,691.00	$29,594,364.00	5940327	10319327	7356079	2963248	6074176	5724574	349602	6649410	5751195	898215	5961971	5312415	649556	$6,529,807.00	$5,450,101.00	1079706
3	Cold Spring Harbor	POWERS, SCOTT	22	$9,816,555.00	$9,816,555.00	0	3243064	3243064	0	910549	910549	0	1848928	1848928	0	1982779	1982779	0	$1,831,235.00	$1,831,235.00	0
4	Feinstein Institute	VINCIGUERRA, VINCENT P	85	$3,574,412.00	$3,574,412.00	0	617929	617929	0	599459	599459	0	611448	611448	0	711448	711448	0	$1,034,128.00	$1,034,128.00	0
5	Cold Spring Harbor	TUVESON, DAVID A.	31	$955,711.00	$955,711.00	0	0	0	0	0	0	0	0	0	0	0	0	0	$955,711.00	$955,711.00	0
6	Cold Spring Harbor	MILLS, ALEA A	20	$2,701,332.00	$2,417,832.00	283500	348600	348600	0	513174	513174	0	557613	557613	0	185045	185045	0	$1,096,900.00	$813,400.00	283500
7	Cold Spring Harbor	TONKS, NICHOLAS K	29	$5,301,303.00	$3,629,401.00	1671902	1121540	712640	408900	1092202	687770	404432	1196291	761643	434648	1145636	721714	423922	$745,634.00	$745,634.00	0
8	Cold Spring Harbor	LOWE, SCOTT W.		$8,008,730.00	$7,655,597.00	353133	2408288	2055155	353133	1989224	1989224	0	1530207	1530207	0	1448857	1448857	0	$632,154.00	$632,154.00	0
9	Cold Spring Harbor	KRAINER, ADRIAN R	14	$6,250,847.00	$2,913,375.00	3337472	1286979	630042	656937	595451	595451	0	1532632	568687	963945	1528631	546399	982232	$1,307,154.00	$572,796.00	734358
10	Cold Spring Harbor	VAKOC, CHRISTOPHER	32	$1,081,623.00	$1,081,623.00	0	0	0	0	0	0	0	0	0	0	549047	549047	0	$532,576.00	$532,576.00	0
11	Cold Spring Harbor	SPECTOR, DAVID L	26	$4,945,718.00	$1,280,363.00	3665355	771494	0	771494	687053	0	687053	1172543	432183	740360	1142327	422163	720164	$1,172,301.00	$426,017.00	746284
12	Cold Spring Harbor	GRODZICKER, TERRI I.		$2,992,942.00	$1,897,559.00	1095383	835301	462824	372477	463725	186496	277229	564821	419936	144885	551035	408067	142968	$578,060.00	$420,236.00	157824
13	Cold Spring Harbor	TROTMAN, LLOYD C	30	$1,508,935.00	$1,508,935.00	0	288840	288840	0	240475	240475	0	301376	301376	0	286069	286069	0	$392,175.00	$392,175.00	0
14	Cold Spring Harbor	EGEBLAD, MIKALA	4	$980,494.00	$980,494.00	0	0	0	0	0	0	0	357437	357437	0	312305	312305	0	$310,752.00	$310,752.00	0
15	Cold Spring Harbor	ANCZUKOW-CAMARDA, OLGA		$213,096.00	$213,096.00	0	0	0	0	0	0	0	0	0	0	107088	107088	0	$106,008.00	$106,008.00	0
16	Feinstein Institute	MCDONALD, ALICIA C	206	$318,374.00	$318,374.00	0	0	0	0	0	0	0	0	0	0	229132	229132	0	$89,242.00	$89,242.00	0
17	Cold Spring Harbor	BHAGWAT, ANAND		$26,676.00	$26,676.00	0	0	0	0	0	0	0	0	0	0	0	0	0	$26,676.00	$26,676.00	0
18	Cold Spring Harbor	STEWART, DAVID J.		$3,416,014.00	$327,832.00	3088182	583092	177268	405824	524107	100064	424043	723268	13500	709768	766929	19000	747929	$818,618.00	$18,000.00	800618
19	Cold Spring Harbor	KRASNITZ, ALEXANDER	15	0	0	0	0	0	0	0	0	0	0	0	0	0	0	0	0	0	0
20	Feinstein Institute	DIEFENBACH, MICHAEL A	205	0	0	0	0	0	0	0	0	0	0	0	0	0	0	0	0	0	0
21	Cold Spring Harbor	HWANG, CHANG-IL		0	0	0	0	0	0	0	0	0	0	0	0	0	0	0	0	0	0
22	Cold Spring Harbor	BAKER, LINDSEY A		0	0	0	0	0	0	0	0	0	0	0	0	0	0	0	0	0	0
23	Feinstein Institute	AL-ABED, YOUSEF		315400	0	315400	0	0	0	0	0	0	315400	0	315400	0	0	0	0	0	0
24	Feinstein Institute	ARANOW, CYNTHIA		4396315	0	4396315	4114115	0	4114115	0	0	0	0	0	0	0	0	0	282200	0	282200
25	Feinstein Institute	ARGYELAN, MIKLOS		491565	0	491565	491565	0	491565	0	0	0	0	0	0	0	0	0	0	0	0
26	Feinstein Institute	BLADER, JOSEPH C		249000	0	249000	249000	0	249000	0	0	0	0	0	0	0	0	0	0	0	0
27	Feinstein Institute	BLOOM, ONA		1426338	0	1426338	611448	0	611448	0	0	0	711448	0	711448	103442	0	103442	0	0	0
28	Feinstein Institute	BONAGURA, VINCENT ROBERT		5013933	0	5013933	517195	0	517195	930686	0	930686	617929	0	617929	1921298	0	1921298	1026825	0	1026825
29	Feinstein Institute	BRAGA, RAPHAEL J		647500	0	647500	328680	0	328680	318820	0	318820	0	0	0	0	0	0	0	0	0
30	Feinstein Institute	BREGMAN, JOEL DONALD		328680	0	328680	328680	0	328680	0	0	0	0	0	0	0	0	0	0	0	0
31	Feinstein Institute	BUDMAN, CATHY		332000	0	332000	332000	0	332000	0	0	0	0	0	0	0	0	0	0	0	0
32	Feinstein Institute	BURDICK, KATHERINE ELIZABETH		576270	0	576270	288135	0	288135	288135	0	288135	0	0	0	0	0	0	0	0	0
33	Feinstein Institute	CARBON-CORRELL, MAREN		288135	0	288135	288135	0	288135	0	0	0	0	0	0	0	0	0	0	0	0
34	Feinstein Institute	CHAVAN, SANGEETA S		246839	0	246839	0	0	0	0	0	0	0	0	0	0	0	0	246839	0	246839
35	Feinstein Institute	CHEN, ANDREW C.		186088	0	186088	0	0	0	0	0	0	0	0	0	0	0	0	186088	0	186088
36	Feinstein Institute	CHEN, ELI		240422	0	240422	240422	0	240422	0	0	0	0	0	0	0	0	0	0	0	0
37	Feinstein Institute	CHIORAZZI, NICHOLAS	63	1968298	1112548	855750	1254648	398898	855750	394997	394997	0	318653	318653	0	0	0	0	0	0	0
38	Feinstein Institute	COMPTON, MICHAEL T		1342444	0	1342444	0	0	0	0	0	0	0	0	0	345425	0	345425	997019	0	997019
39	Feinstein Institute	CORNBLATT, BARBARA A.		4777546	0	4777546	542147	0	542147	438536	0	438536	1066103	0	1066103	878532	0	878532	1852228	0	1852228
40	Feinstein Institute	CORRELL, CHRISTOPH U		1554450	0	1554450	266346	0	266346	451667	0	451667	526369	0	526369	157680	0	157680	152388	0	152388
41	Feinstein Institute	CZURA, CHRISTOPHER J		492005	0	492005	0	0	0	492005	0	492005	0	0	0	0	0	0	0	0	0
42	Feinstein Institute	D'AMORE, JASON		8690	0	8690	8690	0	8690	0	0	0	0	0	0	0	0	0	0	0	0
43	Feinstein Institute	DAVIDSON, ANNE		5358947	0	5358947	1332984	0	1332984	1099435	0	1099435	955624	0	955624	955786	0	955786	1015118	0	1015118
44	Feinstein Institute	DAVIES, PETER P		1675399	0	1675399	336897	0	336897	323826	0	323826	323826	0	323826	345425	0	345425	345425	0	345425
45	Feinstein Institute	DEGIORGIO, LORRAINE A		497118	0	497118	106309	0	106309	183260	0	183260	207549	0	207549	0	0	0	0	0	0
46	Feinstein Institute	DEROSSE, PAMELA		810154	0	810154	78192	0	78192	249000	0	249000	246787	0	246787	236175	0	236175	0	0	0
47	Feinstein Institute	DEWEY, STEPHEN L		268272	0	268272	134136	0	134136	134136	0	134136	0	0	0	0	0	0	0	0	0
48	Feinstein Institute	DHAWAN, VIJAY		674552	0	674552	131694	0	131694	135645	0	135645	136824	0	136824	132978	0	132978	137411	0	137411
49	Feinstein Institute	DIAMOND, BETTY		18555023	0	18555023	3649906	0	3649906	3838833	0	3838833	3227266	0	3227266	591276	0	591276	7247742	0	7247742
50	Feinstein Institute	DRUZ, DAVID S		3815	0	3815	3815	0	3815	0	0	0	0	0	0	0	0	0	0	0	0
51	Feinstein Institute	EIDELBERG, DAVID		16571957	0	16571957	3005601	0	3005601	3409919	0	3409919	3488235	0	3488235	3189983	0	3189983	3478219	0	3478219
52	Feinstein Institute	ETTINGER, ALAN		1695	0	1695	1695	0	1695	0	0	0	0	0	0	0	0	0	0	0	0
53	Feinstein Institute	FARINA, GINO		64	0	64	64	0	64	0	0	0	0	0	0	0	0	0	0	0	0
54	Feinstein Institute	FEIGIN, ANDREW S		4526544	0	4526544	854401	0	854401	508161	0	508161	588670	0	588670	1224231	0	1224231	1351081	0	1351081
55	Feinstein Institute	FRANCHIN, GIOVANNI		453028	0	453028	148578	0	148578	152225	0	152225	152225	0	152225	0	0	0	0	0	0
56	Feinstein Institute	FREUDENBERG, JAN		246228	0	246228	0	0	0	0	0	0	83625	0	83625	80038	0	80038	82565	0	82565
57	Feinstein Institute	FURIE, RICHARD		3392	0	3392	3392	0	3392	0	0	0	0	0	0	0	0	0	0	0	0
58	Feinstein Institute	GALLEGO, JUAN ANDRES		361045	0	361045	0	0	0	0	0	0	0	0	0	181092	0	181092	179953	0	179953
59	Feinstein Institute	GLUCK, MARK A		504688	0	504688	100656	0	100656	100700	0	100700	101921	0	101921	99054	0	99054	102357	0	102357
60	Feinstein Institute	GOLDBERG, TERRY		3787464	0	3787464	788560	0	788560	1048436	0	1048436	1277333	0	1277333	256023	0	256023	417112	0	417112
61	Feinstein Institute	GOTTLIEB, BETH S		7632	0	7632	7632	0	7632	0	0	0	0	0	0	0	0	0	0	0	0
62	Feinstein Institute	GRANDE, DANIEL A.		1695	0	1695	1695	0	1695	0	0	0	0	0	0	0	0	0	0	0	0
63	Feinstein Institute	GREGERSEN, PETER K.		6097646	0	6097646	3470562	0	3470562	1631848	0	1631848	387173	0	387173	179031	0	179031	429032	0	429032
64	Feinstein Institute	GRIFFIN, DANIEL		3815	0	3815	3815	0	3815	0	0	0	0	0	0	0	0	0	0	0	0
65	Feinstein Institute	GRUNER, PATRICIA		4239	0	4239	4239	0	4239	0	0	0	0	0	0	0	0	0	0	0	0
66	Feinstein Institute	GU, HUA		415000	0	415000	0	0	0	415000	0	415000	0	0	0	0	0	0	0	0	0
67	Feinstein Institute	GULKO, PERCIO S		690356	0	690356	357943	0	357943	332413	0	332413	0	0	0	0	0	0	0	0	0
68	Feinstein Institute	GUO, BENCHANG	65	0	0	0	0	0	0	0	0	0	0	0	0	0	0	0	0	0	0
69	Feinstein Institute	HAJIZADEH, NEGIN		252750	0	252750	0	0	0	0	0	0	0	0	0	0	0	0	252750	0	252750
70	Feinstein Institute	HIRSCH, JOY		1105234	0	1105234	257213	0	257213	443160	0	443160	404861	0	404861	0	0	0	0	0	0
71	Feinstein Institute	HUERTA, PATRICIO T		2777293	0	2777293	1281064	0	1281064	573504	0	573504	572227	0	572227	0	0	0	350498	0	350498
72	Feinstein Institute	KAFANTARIS, VIVIAN		495579	0	495579	107870	0	107870	107991	0	107991	127513	0	127513	76612	0	76612	75593	0	75593
73	Feinstein Institute	KANE, JOHN M		22242110	0	22242110	2817910	0	2817910	10753787	0	10753787	2507880	0	2507880	1710077	0	1710077	4452456	0	4452456
74	Feinstein Institute	KARLSGODT, KATHERINE HELEN		1070310	0	1070310	0	0	0	0	0	0	0	0	0	496600	0	496600	573710	0	573710
75	Feinstein Institute	KIM, HYUN		1487462	0	1487462	0	0	0	0	0	0	497617	0	497617	499997	0	499997	489848	0	489848
76	Feinstein Institute	KIM, SUN JUNG		1212879	0	1212879	127711	0	127711	127711	0	127711	127711	0	127711	327712	0	327712	502034	0	502034
77	Feinstein Institute	KOWAL, CZESLAWA HELENA		241159	0	241159	0	0	0	0	0	0	0	0	0	0	0	0	241159	0	241159
78	Feinstein Institute	KRAMER, JILL MARIE		316722	0	316722	133110	0	133110	133110	0	133110	50502	0	50502	0	0	0	0	0	0
79	Feinstein Institute	LENCZ, TODD		3986008	0	3986008	1784878	0	1784878	0	0	0	0	0	0	1182869	0	1182869	1018261	0	1018261
80	Feinstein Institute	LESSER, MARTIN L.	69	1773260	0	1773260	340577	0	340577	348629	0	348629	372033	0	372033	349279	0	349279	362742	0	362742
81	Feinstein Institute	LIPTON, JEFFREY M	71	2054537	0	2054537	434925	0	434925	415000	0	415000	410850	0	410850	391129	0	391129	402633	0	402633
82	Feinstein Institute	LIU, JOHNSON MING-YU	72	237879	0	237879	237879	0	237879	0	0	0	0	0	0	0	0	0	0	0	0
83	Feinstein Institute	LIU, SHU FANG		287595	0	287595	287595	0	287595	0	0	0	0	0	0	0	0	0	0	0	0
84	Feinstein Institute	LUCS, ALEXANDRA VITKO		146178	0	146178	45590	0	45590	48398	0	48398	52190	0	52190	0	0	0	0	0	0
85	Feinstein Institute	MA, YILONG		395977	0	395977	0	0	0	0	0	0	0	0	0	200000	0	200000	195977	0	195977
86	Feinstein Institute	MACKAY, MEGGAN		1361340	0	1361340	17805	0	17805	0	0	0	0	0	0	319570	0	319570	1023965	0	1023965
87	Feinstein Institute	MALHOTRA, ANIL K		9298519	0	9298519	2784043	0	2784043	2574269	0	2574269	3076129	0	3076129	73344	0	73344	790734	0	790734
88	Feinstein Institute	MANJARREZ-ORDUNO, NATALY		141534	0	141534	0	0	0	0	0	0	0	0	0	127710	0	127710	13824	0	13824
89	Feinstein Institute	MARAMBAUD, PHILIPPE		690850	0	690850	0	0	0	0	0	0	0	0	0	345425	0	345425	345425	0	345425
90	Feinstein Institute	MATTIS, PAUL		13141	0	13141	13141	0	13141	0	0	0	0	0	0	0	0	0	0	0	0
91	Feinstein Institute	MCGINN, THOMAS G		0	0	0	0	0	0	0	0	0	0	0	0	0	0	0	0	0	0
92	Feinstein Institute	MEHTA, ASHESH DINESH		5087	0	5087	5087	0	5087	0	0	0	0	0	0	0	0	0	0	0	0
93	Feinstein Institute	MENDELOWITZ, ALAN		561244	0	561244	561244	0	561244	0	0	0	0	0	0	0	0	0	0	0	0
94	Feinstein Institute	MENSCH, BARBARA SENA		423	0	423	423	0	423	0	0	0	0	0	0	0	0	0	0	0	0
95	Feinstein Institute	METZ, CHRISTINE N		246341	0	246341	246341	0	246341	0	0	0	0	0	0	0	0	0	0	0	0
96	Feinstein Institute	MILLER, EDMUND J		813855	0	813855	0	0	0	0	0	0	0	0	0	401030	0	401030	412825	0	412825
97	Feinstein Institute	MONGINI, PATRICIA K.		373218	0	373218	0	0	0	0	0	0	206823	0	206823	166395	0	166395	0	0	0
98	Feinstein Institute	MORGENSTERN, JON		662075	0	662075	0	0	0	0	0	0	0	0	0	0	0	0	662075	0	662075
99	Feinstein Institute	MUENCH, FREDERICK JOHN		194090	0	194090	0	0	0	0	0	0	0	0	0	0	0	0	194090	0	194090
100	Feinstein Institute	MUKHERJEE, SEMANTI		179999	0	179999	0	0	0	0	0	0	0	0	0	90000	0	90000	89999	0	89999
101	Feinstein Institute	NIETHAMMER, MARC		848	0	848	848	0	848	0	0	0	0	0	0	0	0	0	0	0	0
102	Feinstein Institute	ONG, LAWRENCE		1272	0	1272	1272	0	1272	0	0	0	0	0	0	0	0	0	0	0	0
103	Feinstein Institute	PAVLOV, VALENTIN ATANASSOV		554523	0	554523	0	0	0	0	0	0	0	0	0	272323	0	272323	282200	0	282200
104	Feinstein Institute	PETRIDES, GEORGIOS		2196910	0	2196910	427372	0	427372	426915	0	426915	687318	0	687318	454934	0	454934	200371	0	200371
105	Feinstein Institute	POURFAR, MICHAEL		12717	0	12717	12717	0	12717	0	0	0	0	0	0	0	0	0	0	0	0
106	Feinstein Institute	POWELL, SAUL R		825160	0	825160	414499	0	414499	410661	0	410661	0	0	0	0	0	0	0	0	0
107	Feinstein Institute	RICHSTONE, LEE	192	4239	0	4239	4239	0	4239	0	0	0	0	0	0	0	0	0	0	0	0
108	Feinstein Institute	ROBINSON, DELBERT G		1452798	0	1452798	733439	0	733439	57802	0	57802	76856	0	76856	313980	0	313980	270721	0	270721
109	Feinstein Institute	ROTHSTEIN, THOMAS L		5631771	0	5631771	1380498	0	1380498	1150381	0	1150381	1605430	0	1605430	1084612	0	1084612	410850	0	410850
110	Feinstein Institute	SCHIFFER, WYNNE K		2157049	0	2157049	907306	0	907306	645234	0	645234	604509	0	604509	0	0	0	0	0	0
111	Feinstein Institute	SCHOOLER, NINA R		160215	0	160215	160215	0	160215	0	0	0	0	0	0	0	0	0	0	0	0
112	Feinstein Institute	SCHWARTZ, GUY		1695	0	1695	1695	0	1695	0	0	0	0	0	0	0	0	0	0	0	0
113	Feinstein Institute	SETHNA, CHRISTINE		1272	0	1272	1272	0	1272	0	0	0	0	0	0	0	0	0	0	0	0
114	Feinstein Institute	SEVY, SERGE		1071157	0	1071157	425885	0	425885	177375	0	177375	202172	0	202172	133591	0	133591	132134	0	132134
115	Feinstein Institute	SHERRY, BARBARA	78	297564	0	297564	297564	0	297564	0	0	0	0	0	0	0	0	0	0	0	0
116	Feinstein Institute	SILVERMAN, ROBERT A		13989	0	13989	13989	0	13989	0	0	0	0	0	0	0	0	0	0	0	0
117	Feinstein Institute	SINGHAL, PRAVIN C		5420651	0	5420651	1143670	0	1143670	929093	0	929093	921558	0	921558	1500007	0	1500007	926323	0	926323
118	Feinstein Institute	SIRCAR, RATNA		590230	0	590230	360497	0	360497	229733	0	229733	0	0	0	0	0	0	0	0	0
119	Feinstein Institute	SMITH, GWENN S		623626	0	623626	170730	0	170730	169264	0	169264	283632	0	283632	0	0	0	0	0	0
120	Feinstein Institute	SON, MYOUNGSUN		127710	0	127710	0	0	0	0	0	0	0	0	0	0	0	0	127710	0	127710
121	Feinstein Institute	SPEISER, PHYLLIS W		50022	0	50022	50022	0	50022	0	0	0	0	0	0	0	0	0	0	0	0
122	Feinstein Institute	STEINBERG, BETTIE M.	82	2768507	0	2768507	1187785	0	1187785	922317	0	922317	337644	0	337644	320761	0	320761	0	0	0
123	Feinstein Institute	SYMONS, MARC H	83	247221	0	247221	247221	0	247221	0	0	0	0	0	0	0	0	0	0	0	0
124	Feinstein Institute	SZESZKO, PHILIP R		1061520	0	1061520	572711	0	572711	187955	0	187955	300854	0	300854	0	0	0	0	0	0
125	Feinstein Institute	TAIOLI, EMANUELA	207	1136490	73085	1063405	73085	73085	0	0	0	0	0	0	0	600398	0	600398	463007	0	463007
126	Feinstein Institute	TALWAR, ARUNABH		14838	0	14838	14838	0	14838	0	0	0	0	0	0	0	0	0	0	0	0
127	Feinstein Institute	TANG, CHAI-MEI		4239	0	4239	4239	0	4239	0	0	0	0	0	0	0	0	0	0	0	0
128	Feinstein Institute	TRACEY, KEVIN J		6398250	0	6398250	2742886	0	2742886	597600	0	597600	965855	0	965855	662087	0	662087	1429822	0	1429822
129	Feinstein Institute	VAMBUTAS, ANDREA		1879209	0	1879209	166000	0	166000	249000	0	249000	491565	0	491565	473810	0	473810	498834	0	498834
130	Feinstein Institute	VLACHOS, ADRIANNA	130	300000	0	300000	300000	0	300000	0	0	0	0	0	0	0	0	0	0	0	0
131	Feinstein Institute	VOLPE, BRUCE THOMAS		2565859	0	2565859	247221	0	247221	424965	0	424965	390317	0	390317	0	0	0	1503356	0	1503356
132	Feinstein Institute	WANG, HAICHAO		2131289	0	2131289	578839	0	578839	328680	0	328680	328680	0	328680	606955	0	606955	288135	0	288135
133	Feinstein Institute	WANG, PING		5415094	0	5415094	1220362	0	1220362	813898	0	813898	1385336	0	1385336	906373	0	906373	1089125	0	1089125
134	Feinstein Institute	WU, RONGQIAN		233619	0	233619	0	0	0	207500	0	207500	26119	0	26119	0	0	0	0	0	0
135	Feinstein Institute	YANG, HUAN		1211894	0	1211894	0	0	0	282200	0	282200	313556	0	313556	302582	0	302582	313556	0	313556
136	Feinstein Institute	ZHANG, JIANPING		543036	0	543036	0	0	0	0	0	0	180932	0	180932	181012	0	181012	181092	0	181092
137	Cold Spring Harbor	ALBEANU, DINU	38	945000	0	945000	0	0	0	0	0	0	0	0	0	472500	0	472500	472500	0	472500
138	Cold Spring Harbor	BORGES, KATHARINE		106888	0	106888	52154	0	52154	54734	0	54734	0	0	0	0	0	0	0	0	0
139	Cold Spring Harbor	CHURCHLAND, ANNE KATHRYN	39	1624391	0	1624391	248999	0	248999	236939	0	236939	247403	0	247403	428000	0	428000	463050	0	463050
140	Cold Spring Harbor	DUBNAU, JOSHUA T	40	1781167	0	1781167	430650	0	430650	430650	0	430650	466125	0	466125	453742	0	453742	0	0	0
141	Cold Spring Harbor	ENIKOLOPOV, GRIGORI N	5	1721029	0	1721029	0	0	0	438668	0	438668	410526	0	410526	379277	0	379277	492558	0	492558
142	Cold Spring Harbor	FURUKAWA, HIROYASU	41	2599464	0	2599464	435000	0	435000	430650	0	430650	457875	0	457875	449064	0	449064	826875	0	826875
143	Cold Spring Harbor	GANN, ALEXANDER		806658	0	806658	0	0	0	0	0	0	267927	0	267927	267927	0	267927	270804	0	270804
144	Cold Spring Harbor	GINGERAS, THOMAS RAYMOND	7	11893656	0	11893656	2734037	0	2734037	2734037	0	2734037	2124096	0	2124096	2026822	0	2026822	2274664	0	2274664
145	Cold Spring Harbor	HUANG, Z JOSH	43	5757871	0	5757871	1202608	0	1202608	556080	0	556080	560565	0	560565	1408678	0	1408678	2029940	0	2029940
146	Cold Spring Harbor	IPSARO, JONATHAN JAMES		100588	0	100588	0	0	0	48398	0	48398	52190	0	52190	0	0	0	0	0	0
147	Cold Spring Harbor	JANSEN, JACLYN MARIE		109682	0	109682	0	0	0	48398	0	48398	47756	0	47756	13528	0	13528	0	0	0
148	Cold Spring Harbor	JOSHUA-TOR, LEEMOR	12	1176714	0	1176714	620590	0	620590	556124	0	556124	0	0	0	0	0	0	0	0	0
149	Cold Spring Harbor	KELLY, SEAN MICHAEL		52908	0	52908	0	0	0	0	0	0	0	0	0	26232	0	26232	26676	0	26676
150	Cold Spring Harbor	KEPECS, ADAM	46	2057834	0	2057834	0	0	0	388063	0	388063	411250	0	411250	398968	0	398968	859553	0	859553
151	Cold Spring Harbor	KOULAKOV, ALEXEI	47	3060877	0	3060877	763800	0	763800	747909	0	747909	356621	0	356621	767297	0	767297	425250	0	425250
152	Cold Spring Harbor	LAZARUS, MATTHEW		28610	0	28610	28610	0	28610	0	0	0	0	0	0	0	0	0	0	0	0
153	Cold Spring Harbor	LI, BO	49	3184505	0	3184505	526630	0	526630	518880	0	518880	560038	0	560038	541939	0	541939	1037018	0	1037018
154	Cold Spring Harbor	MARTIENSSEN, ROBERT A	18	3313669	0	3313669	767760	0	767760	354798	0	354798	719580	0	719580	723220	0	723220	748311	0	748311
155	Cold Spring Harbor	MCCOMBIE, WILLIAM RICHARD	19	5292554	0	5292554	1135298	0	1135298	1039526	0	1039526	1069587	0	1069587	1077836	0	1077836	970307	0	970307
156	Cold Spring Harbor	MICKLOS, DAVID ANDREW		253843	0	253843	0	0	0	0	0	0	0	0	0	0	0	0	253843	0	253843
157	Cold Spring Harbor	MITRA, PARTHA PRATIM	52	5534608	0	5534608	1547490	0	1547490	1291070	0	1291070	1382531	0	1382531	1063514	0	1063514	250003	0	250003
158	Cold Spring Harbor	MUTHUSWAMY, SENTHIL K		1425592	1425592	0	256295	256295	0	377711	377711	0	405930	405930	0	385656	385656	0	0	0	0
159	Cold Spring Harbor	NOMAKUCHI, TOMOKI T		0	0	0	0	0	0	0	0	0	0	0	0	0	0	0	0	0	0
160	Cold Spring Harbor	ODOEMENE, ONYEKACHI		0	0	0	0	0	0	0	0	0	0	0	0	0	0	0	0	0	0
161	Cold Spring Harbor	OSTEN, PAVEL	53	2736165	0	2736165	0	0	0	0	0	0	485438	0	485438	448320	0	448320	1802407	0	1802407
162	Cold Spring Harbor	PAPPIN, DARRYL J	21	851656	0	851656	851656	0	851656	0	0	0	0	0	0	0	0	0	0	0	0
163	Cold Spring Harbor	POLLOCK, LUDMILA T		44685	0	44685	0	0	0	0	0	0	0	0	0	0	0	0	44685	0	44685
164	Cold Spring Harbor	SIEPEL, ADAM CHARLES	24	33193	0	33193	0	0	0	0	0	0	0	0	0	0	0	0	33193	0	33193
165	Cold Spring Harbor	STENLUND, ARNE	27	1326994	0	1326994	430650	0	430650	426344	0	426344	470000	0	470000	0	0	0	0	0	0
166	Cold Spring Harbor	TANSEY, WILLIAM PATRICK		1186164	1186164	0	604307	604307	0	581857	581857	0	0	0	0	0	0	0	0	0	0
167	Cold Spring Harbor	TUCCIARONE, JASON M		79140	0	79140	0	0	0	0	0	0	26232	0	26232	26232	0	26232	26676	0	26676
168	Cold Spring Harbor	TURNER, GLENN C	57	2128931	0	2128931	361000	0	361000	421080	0	421080	454960	0	454960	434511	0	434511	457380	0	457380
169	Cold Spring Harbor	VAN AELST, LINDA	33	4707245	1445239	3262006	752550	361050	391500	737804	350219	387585	794040	376384	417656	1421745	357586	1064159	1001106	0	1001106
170	Cold Spring Harbor	WIGLER, MICHAEL H	34	1395339	0	1395339	1395339	0	1395339	0	0	0	0	0	0	0	0	0	0	0	0
171	Cold Spring Harbor	ZADOR, ANTHONY M	59	5934372	0	5934372	1339736	0	1339736	784989	0	784989	1219023	0	1219023	1071536	0	1071536	1519088	0	1519088
172	Cold Spring Harbor	ZHONG, YI	37	1458819	0	1458819	348000	0	348000	341040	0	341040	368154	0	368154	0	0	0	401625	0	401625